60
55
12
1
15
23
1
20
38
41
41
5
29
18
2
10
21
20
42
28
7
23
18
1
1
12
18
9
54
16
41
1
31
20
39
0
45
18
7
1
12
14
15
55
49
66
1
16
29
31
19
1
24
1
2
16
15
23
1
15
1
0
19
22
28
16
1
12
25
28
4
14
24
13
50
19
45
1
28
28
1
21
51
17
6
20
23
6
25
36
32
42
6
26
0
0
15
26
10
47
10
12
23
0
6
6
2
8
9
36
21
42
6
36
25
44
5
27
23
12
6
2
12
20
45
38
67
6
21
29
28
20
5
24
6
3
21
20
23
6
20
6
5
19
27
10
6
6
2
20
10
4
12
10
3
48
9
27
6
10
21
6
76
74
39
29
42
50
23
47
65
55
66
32
55
29
29
37
20
31
69
39
34
50
29
28
28
23
29
36
65
43
66
28
58
47
66
28
56
45
34
28
31
41
42
68
60
70
29
43
55
49
23
28
51
23
29
43
42
50
28
42
28
28
46
49
39
29
29
23
49
39
31
41
39
32
77
30
56
0
39
50
28
