977
2147483647
2147483647
2147483647
2147483647
2147483647
2147483647
2147483647
2147483647
2147483647
2147483647
2147483647
2147483647
2147483647
2147483647
2147483647
2147483647
2147483647
2147483647
2147483647
2147483647
2147483647
2147483647
2147483647
2147483647
2147483647
2147483647
2147483647
2147483647
2147483647
2147483647
2147483647
2147483647
2147483647
2147483647
2147483647
2147483647
2147483647
2147483647
2147483647
2147483647
2147483647
2147483647
2147483647
2147483647
2147483647
2147483647
2147483647
2147483647
2147483647
2147483647
2147483647
2147483647
2147483647
2147483647
2147483647
2147483647
2147483647
2147483647
2147483647
2147483647
2147483647
2147483647
2147483647
2147483647
2147483647
2147483647
2147483647
2147483647
2147483647
2147483647
2147483647
2147483647
2147483647
2147483647
2147483647
2147483647
2147483647
2147483647
2147483647
2147483647
2147483647
2147483647
2147483647
2147483647
2147483647
2147483647
2147483647
2147483647
2147483647
2147483647
2147483647
2147483647
2147483647
2147483647
2147483647
2147483647
2147483647
2147483647
2147483647
2147483647
2147483647
2147483647
2147483647
2147483647
2147483647
2147483647
2147483647
2147483647
2147483647
2147483647
2147483647
2147483647
2147483647
2147483647
2147483647
2147483647
2147483647
2147483647
2147483647
2147483647
2147483647
2147483647
2147483647
2147483647
2147483647
2147483647
2147483647
2147483647
2147483647
2147483647
2147483647
2147483647
2147483647
2147483647
2147483647
2147483647
2147483647
2147483647
2147483647
2147483647
2147483647
2147483647
2147483647
2147483647
2147483647
2147483647
2147483647
2147483647
2147483647
2147483647
2147483647
2147483647
2147483647
2147483647
2147483647
2147483647
2147483647
2147483647
2147483647
2147483647
2147483647
2147483647
2147483647
2147483647
2147483647
2147483647
2147483647
2147483647
2147483647
2147483647
2147483647
2147483647
2147483647
2147483647
2147483647
2147483647
2147483647
2147483647
2147483647
2147483647
2147483647
2147483647
2147483647
2147483647
2147483647
2147483647
2147483647
2147483647
2147483647
2147483647
2147483647
2147483647
2147483647
2147483647
2147483647
2147483647
2147483647
2147483647
2147483647
2147483647
2147483647
2147483647
2147483647
2147483647
2147483647
2147483647
2147483647
2147483647
2147483647
2147483647
2147483647
2147483647
2147483647
2147483647
2147483647
2147483647
2147483647
2147483647
2147483647
2147483647
2147483647
2147483647
2147483647
2147483647
2147483647
2147483647
2147483647
2147483647
2147483647
2147483647
2147483647
2147483647
2147483647
2147483647
2147483647
2147483647
2147483647
2147483647
2147483647
2147483647
2147483647
2147483647
2147483647
2147483647
2147483647
2147483647
2147483647
2147483647
2147483647
2147483647
2147483647
2147483647
2147483647
2147483647
2147483647
2147483647
2147483647
2147483647
2147483647
2147483647
2147483647
2147483647
2147483647
2147483647
2147483647
2147483647
2147483647
2147483647
2147483647
2147483647
2147483647
2147483647
2147483647
2147483647
2147483647
2147483647
2147483647
2147483647
2147483647
2147483647
2147483647
2147483647
2147483647
2147483647
2147483647
2147483647
2147483647
2147483647
2147483647
2147483647
2147483647
2147483647
2147483647
2147483647
2147483647
2147483647
2147483647
2147483647
2147483647
2147483647
2147483647
2147483647
2147483647
2147483647
2147483647
2147483647
2147483647
2147483647
2147483647
2147483647
2147483647
2147483647
2147483647
2147483647
2147483647
2147483647
2147483647
2147483647
2147483647
2147483647
2147483647
2147483647
2147483647
2147483647
2147483647
2147483647
2147483647
2147483647
2147483647
2147483647
2147483647
2147483647
2147483647
2147483647
2147483647
2147483647
2147483647
2147483647
2147483647
2147483647
2147483647
2147483647
2147483647
2147483647
2147483647
2147483647
2147483647
2147483647
2147483647
2147483647
2147483647
2147483647
2147483647
2147483647
2147483647
2147483647
2147483647
2147483647
2147483647
2147483647
2147483647
2147483647
2147483647
2147483647
2147483647
2147483647
2147483647
2147483647
2147483647
2147483647
2147483647
2147483647
2147483647
2147483647
2147483647
2147483647
2147483647
2147483647
2147483647
2147483647
2147483647
2147483647
2147483647
2147483647
2147483647
2147483647
2147483647
2147483647
2147483647
2147483647
2147483647
2147483647
2147483647
2147483647
2147483647
2147483647
2147483647
2147483647
2147483647
2147483647
2147483647
2147483647
2147483647
2147483647
2147483647
2147483647
2147483647
2147483647
2147483647
2147483647
2147483647
2147483647
2147483647
2147483647
2147483647
2147483647
2147483647
2147483647
2147483647
2147483647
2147483647
2147483647
2147483647
2147483647
2147483647
2147483647
2147483647
2147483647
2147483647
2147483647
2147483647
2147483647
2147483647
2147483647
2147483647
2147483647
2147483647
2147483647
2147483647
2147483647
2147483647
2147483647
2147483647
2147483647
2147483647
2147483647
2147483647
2147483647
2147483647
2147483647
2147483647
2147483647
2147483647
2147483647
2147483647
2147483647
2147483647
2147483647
2147483647
2147483647
2147483647
2147483647
2147483647
2147483647
2147483647
2147483647
2147483647
2147483647
2147483647
2147483647
2147483647
2147483647
2147483647
2147483647
2147483647
2147483647
2147483647
2147483647
2147483647
2147483647
2147483647
2147483647
2147483647
2147483647
2147483647
2147483647
2147483647
2147483647
2147483647
2147483647
2147483647
2147483647
2147483647
2147483647
2147483647
2147483647
2147483647
2147483647
2147483647
2147483647
2147483647
2147483647
2147483647
2147483647
2147483647
2147483647
2147483647
2147483647
2147483647
2147483647
2147483647
2147483647
2147483647
2147483647
2147483647
2147483647
2147483647
2147483647
2147483647
2147483647
2147483647
2147483647
2147483647
2147483647
2147483647
2147483647
2147483647
2147483647
2147483647
2147483647
2147483647
2147483647
2147483647
2147483647
2147483647
2147483647
2147483647
2147483647
2147483647
2147483647
2147483647
2147483647
2147483647
2147483647
2147483647
2147483647
2147483647
2147483647
2147483647
2147483647
2147483647
2147483647
2147483647
2147483647
2147483647
2147483647
2147483647
2147483647
2147483647
2147483647
2147483647
2147483647
2147483647
2147483647
2147483647
2147483647
2147483647
2147483647
2147483647
2147483647
2147483647
2147483647
2147483647
2147483647
2147483647
2147483647
2147483647
2147483647
2147483647
2147483647
2147483647
2147483647
2147483647
2147483647
2147483647
2147483647
2147483647
2147483647
2147483647
2147483647
2147483647
2147483647
2147483647
2147483647
2147483647
2147483647
2147483647
2147483647
2147483647
2147483647
2147483647
2147483647
2147483647
2147483647
2147483647
2147483647
2147483647
2147483647
2147483647
2147483647
2147483647
2147483647
2147483647
2147483647
2147483647
2147483647
2147483647
2147483647
2147483647
2147483647
2147483647
2147483647
2147483647
2147483647
2147483647
2147483647
2147483647
2147483647
2147483647
2147483647
2147483647
2147483647
2147483647
2147483647
2147483647
2147483647
2147483647
2147483647
2147483647
2147483647
2147483647
2147483647
2147483647
2147483647
2147483647
2147483647
2147483647
2147483647
2147483647
2147483647
2147483647
2147483647
2147483647
2147483647
2147483647
2147483647
2147483647
2147483647
2147483647
2147483647
2147483647
2147483647
2147483647
2147483647
2147483647
2147483647
2147483647
2147483647
2147483647
2147483647
2147483647
2147483647
2147483647
2147483647
2147483647
2147483647
2147483647
2147483647
2147483647
2147483647
2147483647
2147483647
2147483647
2147483647
2147483647
2147483647
2147483647
2147483647
2147483647
2147483647
2147483647
2147483647
2147483647
2147483647
2147483647
2147483647
2147483647
2147483647
2147483647
2147483647
2147483647
2147483647
2147483647
2147483647
2147483647
2147483647
2147483647
2147483647
2147483647
2147483647
2147483647
2147483647
2147483647
2147483647
2147483647
2147483647
2147483647
2147483647
2147483647
2147483647
2147483647
2147483647
2147483647
2147483647
2147483647
2147483647
2147483647
2147483647
2147483647
2147483647
2147483647
2147483647
2147483647
2147483647
2147483647
2147483647
2147483647
2147483647
2147483647
2147483647
2147483647
2147483647
2147483647
2147483647
2147483647
2147483647
2147483647
2147483647
2147483647
2147483647
2147483647
2147483647
2147483647
2147483647
2147483647
2147483647
2147483647
2147483647
2147483647
2147483647
2147483647
2147483647
2147483647
2147483647
2147483647
2147483647
2147483647
2147483647
2147483647
2147483647
2147483647
2147483647
2147483647
2147483647
2147483647
2147483647
2147483647
2147483647
2147483647
2147483647
2147483647
2147483647
2147483647
2147483647
2147483647
2147483647
2147483647
2147483647
2147483647
2147483647
2147483647
2147483647
2147483647
2147483647
2147483647
2147483647
2147483647
2147483647
2147483647
2147483647
2147483647
2147483647
2147483647
2147483647
2147483647
2147483647
2147483647
2147483647
2147483647
2147483647
2147483647
2147483647
2147483647
2147483647
2147483647
2147483647
2147483647
2147483647
2147483647
2147483647
2147483647
2147483647
2147483647
2147483647
2147483647
2147483647
2147483647
2147483647
2147483647
2147483647
2147483647
2147483647
2147483647
2147483647
2147483647
2147483647
2147483647
2147483647
2147483647
2147483647
2147483647
2147483647
2147483647
2147483647
2147483647
2147483647
2147483647
2147483647
2147483647
2147483647
2147483647
2147483647
2147483647
2147483647
2147483647
2147483647
2147483647
2147483647
2147483647
2147483647
2147483647
2147483647
2147483647
2147483647
2147483647
2147483647
2147483647
2147483647
2147483647
2147483647
2147483647
2147483647
2147483647
2147483647
2147483647
2147483647
2147483647
2147483647
2147483647
2147483647
2147483647
2147483647
2147483647
2147483647
2147483647
2147483647
2147483647
2147483647
2147483647
2147483647
2147483647
2147483647
2147483647
2147483647
2147483647
2147483647
2147483647
2147483647
2147483647
2147483647
2147483647
2147483647
2147483647
2147483647
2147483647
2147483647
2147483647
2147483647
2147483647
2147483647
2147483647
2147483647
2147483647
2147483647
2147483647
2147483647
2147483647
2147483647
2147483647
2147483647
2147483647
2147483647
2147483647
2147483647
2147483647
2147483647
2147483647
2147483647
2147483647
2147483647
2147483647
2147483647
2147483647
2147483647
2147483647
2147483647
2147483647
2147483647
2147483647
2147483647
2147483647
2147483647
2147483647
2147483647
2147483647
2147483647
2147483647
2147483647
2147483647
2147483647
2147483647
2147483647
2147483647
2147483647
2147483647
2147483647
2147483647
2147483647
2147483647
2147483647
2147483647
2147483647
2147483647
2147483647
2147483647
2147483647
2147483647
2147483647
2147483647
2147483647
2147483647
2147483647
2147483647
2147483647
2147483647
2147483647
2147483647
0
2147483647
2147483647
2147483647
2147483647
2147483647
2147483647
2147483647
2147483647
2147483647
2147483647
2147483647
2147483647
2147483647
2147483647
2147483647
2147483647
2147483647
2147483647
2147483647
2147483647
2147483647
2147483647
12
220
200
202
204
235
246
147
274
210
127
188
179
0
179
188
235
212
226
240
204
193
138
214
119
180
150
137
213
226
204
212
207
217
157
192
198
230
112
199
281
186
209
157
136
192
155
122
158
208
143
217
102
280
165
220
248
238
198
247
145
79
179
159
270
193
190
71
201
40
156
203
174
176
198
128
240
210
206
146
139
230
247
142
100
179
219
199
301
235
287
173
139
206
171
202
201
178
63
154
162
206
170
107
183
191
326
161
231
228
198
167
161
87
195
207
170
102
313
145
247
214
135
203
216
81
213
210
114
152
267
138
227
192
118
219
269
220
243
254
162
187
248
245
45
286
211
159
260
132
212
177
115
142
186
202
204
203
76
191
177
220
143
182
200
244
162
170
129
210
88
191
178
177
175
55
222
188
111
274
191
165
244
244
209
171
204
57
195
157
341
149
213
214
278
166
191
201
229
153
232
176
238
131
175
170
158
198
158
219
252
174
108
285
261
229
169
139
182
174
126
101
213
212
163
259
146
268
168
237
191
246
241
60
201
200
190
187
161
225
196
178
181
155
145
174
209
200
139
197
175
291
203
199
127
107
158
171
138
214
189
171
144
98
192
167
192
257
228
223
177
147
118
156
244
117
185
82
106
85
188
259
186
242
197
212
199
223
137
190
150
280
114
173
183
207
165
135
189
181
83
204
212
115
189
250
211
183
129
194
219
256
266
217
220
248
248
140
13
358
340
147
169
223
223
171
210
232
122
186
175
230
160
212
125
131
200
192
318
165
122
212
68
247
235
210
190
271
206
161
191
175
184
219
192
128
228
253
116
264
228
186
236
183
134
151
182
141
150
256
237
217
119
192
166
268
201
166
243
232
269
122
209
168
197
92
234
197
343
212
204
43
101
202
168
190
220
185
207
229
175
105
134
258
243
100
224
142
176
138
143
115
186
260
154
214
147
213
227
201
252
168
246
209
166
223
153
182
99
226
258
171
145
175
232
55
192
207
124
262
170
108
195
192
176
227
176
247
203
182
230
224
132
234
144
164
179
239
244
107
134
207
142
197
163
245
110
140
187
204
185
112
178
158
172
95
271
194
200
182
203
273
190
155
235
62
201
56
148
259
192
182
195
259
232
305
109
204
153
286
85
205
210
198
229
283
181
212
219
217
173
226
144
227
146
126
201
243
184
205
239
164
232
200
273
182
144
257
146
187
157
135
258
190
204
174
254
175
141
174
130
176
185
167
73
95
137
237
149
151
334
62
204
213
150
213
168
217
198
107
223
172
103
271
136
202
180
199
171
217
184
274
254
164
134
205
176
208
251
219
193
93
149
162
236
282
250
209
164
244
209
202
248
199
156
210
165
153
189
132
202
170
111
191
212
208
202
150
211
65
145
242
225
122
133
160
193
238
161
179
176
83
271
51
135
261
242
200
141
93
172
202
149
176
212
152
301
144
126
203
173
101
154
231
193
215
208
119
171
169
186
94
204
170
165
289
124
184
207
164
142
227
238
161
273
197
176
233
111
133
242
178
304
157
223
168
42
245
176
246
199
184
195
215
179
141
193
240
234
252
94
163
178
206
215
219
172
184
186
223
232
144
151
174
144
137
154
207
263
203
222
125
244
240
150
124
67
171
181
193
310
135
194
239
118
259
249
238
168
174
106
187
184
224
172
164
119
294
190
163
182
209
84
129
104
179
171
195
110
242
322
185
162
59
184
230
271
199
252
197
191
24
217
218
260
201
113
135
189
150
253
246
225
203
126
249
182
177
181
194
181
229
116
228
161
230
191
276
165
88
217
76
187
214
180
196
175
242
290
259
223
205
156
194
183
220
165
221
270
117
180
238
184
200
190
217
74
227
189
132
265
166
180
138
288
177
203
247
154
238
211
234
201
131
149
133
87
203
173
157
240
229
204
212
218
107
230
129
126
221
245
180
205
233
107
122
131
160
206
215
270
187
186
209
190
195
166
152
52
61
203
172
182
201
222
175
91
159
226
200
193
144
170
178
178
216
133
167
147
160
171
183
196
197
318
239
47
211
186
221
234
2147483647
2147483647
2147483647
2147483647
2147483647
2147483647
2147483647
2147483647
2147483647
2147483647
2147483647
2147483647
2147483647
2147483647
2147483647
2147483647
2147483647
2147483647
2147483647
2147483647
2147483647
2147483647
2147483647
2147483647
2147483647
2147483647
2147483647
2147483647
2147483647
2147483647
2147483647
2147483647
2147483647
2147483647
2147483647
2147483647
2147483647
2147483647
2147483647
2147483647
2147483647
2147483647
2147483647
2147483647
2147483647
2147483647
2147483647
2147483647
2147483647
2147483647
2147483647
2147483647
2147483647
2147483647
2147483647
2147483647
2147483647
2147483647
2147483647
2147483647
2147483647
2147483647
2147483647
2147483647
2147483647
2147483647
2147483647
2147483647
2147483647
2147483647
2147483647
2147483647
2147483647
2147483647
2147483647
2147483647
2147483647
2147483647
2147483647
2147483647
2147483647
2147483647
2147483647
2147483647
2147483647
2147483647
2147483647
2147483647
2147483647
2147483647
2147483647
2147483647
2147483647
2147483647
2147483647
2147483647
2147483647
2147483647
2147483647
2147483647
