131
29
4
16
25
21
14
14
14
16
8
17
10
17
19
12
5
5
15
15
14
27
20
14
19
14
18
12
26
17
10
20
17
11
24
11
15
19
29
11
12
22
14
13
18
14
18
25
17
22
0
23
14
25
13
17
10
0
26
18
18
14
16
15
20
1
18
24
8
8
22
19
14
18
12
18
12
22
24
18
16
24
16
28
8
15
17
19
10
14
24
18
11
11
17
19
18
11
31
20
11
27
25
32
13
10
24
19
15
15
15
9
17
20
14
23
15
26
19
14
18
28
17
25
14
11
15
14
20
22
1
8
22
16
0
17
20
33
15
17
5
7
28
20
15
1
24
18
21
16
10
29
16
13
26
15
14
28
1
23
18
20
19
16
18
15
9
14
15
12
17
18
19
20
16
15
25
22
14
7
17
12
22
12
11
7
21
27
10
15
31
22
25
23
24
26
15
19
15
25
35
20
21
59
8
1
1
2
3
13
2
11
16
0
0
0
11
8
7
5
8
13
3
11
4
1
1
13
17
11
0
17
0
4
11
17
10
10
20
7
5
23
5
11
13
23
5
2
21
1
9
12
0
12
17
9
17
7
9
14
18
7
13
8
7
20
18
12
0
0
1
14
5
4
16
8
6
15
5
0
12
3
4
10
8
14
12
0
10
2
14
8
9
12
5
5
11
10
9
5
5
12
5
7
5
21
20
11
18
11
23
3
10
10
5
1
11
14
10
12
15
0
16
1
18
12
0
18
22
7
11
7
5
9
5
15
8
8
8
16
11
7
8
14
34
1
12
12
7
19
6
1
5
19
11
13
11
8
19
2
7
12
1
8
14
5
9
11
15
5
15
4
16
3
5
1
5
8
4
17
13
8
1
19
8
4
1
3
5
13
10
2
7
14
13
9
1
23
8
18
10
10
12
1
13
1
21
27
14
7
