499
123
6
3
3
3
3
3
2
2
2
2
2
2
3
3
3
3
4
4
4
7
8
16
102
124
178
171
168
18
164
166
169
175
131
156
220
199
173
174
194
171
160
256
277
172
177
256
207
127
178
200
197
169
153
195
179
180
167
188
180
215
159
181
177
181
213
188
152
167
219
194
125
188
191
242
138
166
169
180
210
233
156
174
208
175
142
149
181
171
160
228
134
193
167
136
160
189
190
172
161
205
211
204
195
199
78
207
181
211
117
141
172
190
136
161
201
192
231
174
164
182
114
172
227
192
145
214
217
164
151
149
145
200
191
154
198
114
245
267
167
190
183
219
183
169
183
164
224
180
213
100
233
194
142
164
119
157
218
162
204
216
228
183
186
167
225
201
134
157
237
77
216
185
187
172
211
237
197
142
213
185
146
173
197
154
230
193
201
163
196
212
99
168
205
154
156
204
172
182
199
155
197
203
145
172
132
209
224
134
161
156
157
216
156
176
127
172
143
175
184
163
228
174
251
227
208
176
118
201
234
175
141
203
188
180
177
141
163
175
191
195
220
141
120
247
186
164
203
60
185
187
177
143
166
162
250
162
169
182
201
204
212
98
168
208
132
179
191
187
200
180
192
244
208
136
174
162
170
165
229
195
185
219
118
178
127
184
154
235
164
178
175
192
186
191
176
217
154
125
203
170
230
151
184
281
211
229
173
242
132
191
190
124
148
159
176
189
192
172
155
181
156
140
160
219
250
155
173
179
142
180
216
241
227
210
186
151
78
227
181
195
235
200
192
145
214
167
235
253
137
209
187
175
175
168
200
229
209
110
250
113
177
180
188
191
200
173
197
148
130
242
140
154
197
240
217
191
158
171
275
228
160
250
171
146
143
167
189
142
183
163
162
175
159
172
169
187
202
204
199
263
134
211
205
200
189
196
166
175
153
198
192
138
170
197
207
157
134
186
152
182
173
137
165
179
199
216
204
179
190
118
172
175
191
229
190
149
164
187
140
209
151
168
197
203
179
160
141
179
151
234
156
124
203
208
143
185
160
167
132
165
174
170
194
250
169
152
219
196
158
223
148
164
198
190
135
155
153
151
151
163
251
245
171
152
170
216
207
218
190
145
211
179
169
138
184
223
188
148
168
153
126
219
157
122
187
217
137
237
192
216
168
196
237
185
224
135
144
198
158
209
176
213
0
192
123
198
133
198
170
157
171
139
207
116
170
167
194
163
92
216
204
183
152
209
198
202
186
206
188
253
175
186
154
138
225
197
173
150
231
186
175
188
172
121
98
143
190
176
195
174
194
133
190
137
185
188
231
165
185
163
205
174
135
220
176
210
168
183
157
141
184
170
217
182
179
166
170
139
156
189
198
181
162
181
193
173
160
169
167
165
191
189
161
309
148
222
220
171
137
155
83
246
215
182
160
231
199
115
228
149
188
221
219
176
164
96
170
261
228
190
187
158
161
250
179
197
235
226
181
168
198
155
207
194
181
191
172
217
159
197
160
205
222
139
157
152
173
198
208
198
227
167
235
215
211
217
148
162
221
187
250
200
196
218
215
166
171
157
237
216
229
140
193
180
199
175
186
179
177
127
234
183
179
204
203
166
185
171
101
181
177
184
155
172
190
179
203
233
164
163
175
171
179
181
187
174
181
243
186
145
188
227
211
144
221
151
139
194
130
207
150
222
204
181
186
214
75
160
137
137
178
123
157
159
208
199
212
114
179
177
188
211
256
219
135
168
217
186
203
133
150
200
181
247
168
143
241
154
205
154
184
131
234
199
159
157
185
97
118
151
167
173
164
225
282
188
204
187
223
132
159
129
186
243
181
209
183
250
175
187
164
197
199
121
133
158
206
178
241
190
170
144
198
174
182
160
178
209
181
187
107
180
266
171
208
160
196
118
213
257
198
136
147
210
266
162
199
116
157
191
182
162
129
233
157
200
166
139
200
184
198
153
198
183
159
185
175
134
215
182
288
113
128
184
184
180
185
242
165
195
162
115
198
176
170
182
173
326
172
197
130
170
162
214
108
176
203
183
152
204
229
148
180
147
220
206
190
181
175
174
160
104
183
179
176
159
117
136
196
139
149
181
177
174
186
170
157
180
169
184
194
239
207
206
190
155
194
208
226
201
169
222
199
142
241
177
191
207
173
181
183
149
354
217
181
190
205
201
218
195
247
155
185
223
184
187
198
156
198
149
149
157
198
216
197
293
191
184
187
183
223
230
161
157
251
187
198
157
233
212
148
53
208
143
227
186
186
279
196
173
172
141
183
182
194
281
189
192
163
200
158
195
149
170
188
162
174
210
208
181
181
245
173
238
230
150
168
129
164
196
214
191
133
177
260
209
177
223
142
161
264
198
236
209
199
212
146
145
153
174
184
151
182
202
207
151
118
104
152
161
154
215
234
161
151
207
169
142
176
199
187
183
139
183
188
188
137
195
173
175
63
182
219
154
173
202
209
199
153
170
234
125
230
203
175
170
158
74
172
193
168
177
169
230
131
143
173
216
130
184
178
178
197
163
167
210
158
245
196
206
166
163
123
183
181
157
123
205
221
265
113
129
155
117
126
194
219
158
202
169
152
154
194
218
130
200
191
188
166
173
206
166
191
167
203
151
127
214
161
166
194
219
137
96
134
207
179
173
159
212
172
182
190
213
164
173
203
114
219
104
216
170
162
188
187
145
243
157
235
202
213
181
150
145
169
199
150
44
197
171
206
186
162
182
174
185
234
293
185
194
133
209
138
164
178
149
214
169
163
181
156
158
145
127
154
131
217
174
100
150
176
186
181
225
181
197
178
170
188
191
228
170
202
149
140
159
143
191
180
99
126
169
160
163
30
152
180
169
192
177
133
211
222
236
201
140
200
150
241
201
176
152
226
178
180
169
174
201
158
203
208
236
184
110
177
293
166
175
252
229
198
165
142
191
204
206
181
137
209
256
223
194
190
170
200
140
124
225
232
179
190
211
178
113
177
217
131
151
172
142
213
185
214
160
172
155
233
204
180
158
185
168
168
122
169
214
167
170
104
181
206
179
202
175
211
214
212
188
180
197
172
191
203
185
180
186
177
123
194
210
132
138
214
152
160
148
259
172
193
222
138
225
207
211
160
192
119
178
196
149
245
155
219
219
162
111
191
180
162
168
181
192
194
131
174
187
185
162
114
144
127
215
181
168
221
149
135
163
183
171
190
177
142
144
246
170
134
169
146
170
183
178
170
136
157
171
163
158
168
166
154
287
214
119
160
232
193
210
180
130
175
196
172
187
225
212
158
207
190
191
164
199
162
165
230
200
230
165
254
161
162
204
175
164
179
176
167
170
177
187
174
179
141
110
223
185
202
162
155
155
170
125
209
229
238
152
165
134
134
185
179
192
193
171
214
215
128
190
133
136
196
183
194
195
196
132
154
178
186
184
191
191
192
201
157
200
152
150
146
133
202
192
181
156
141
131
228
170
205
217
161
124
226
176
171
176
187
154
181
166
165
199
174
168
112
103
165
132
221
183
145
108
184
141
159
170
170
209
195
169
165
170
186
171
159
284
181
137
188
190
211
236
154
274
218
183
182
173
190
181
198
149
215
220
263
168
120
192
109
194
147
151
166
216
175
120
110
149
153
156
141
134
166
177
187
181
184
221
249
164
188
178
78
192
190
147
162
112
168
215
202
145
215
163
178
183
198
186
213
178
142
196
129
195
172
189
118
181
187
86
149
160
186
162
176
156
112
209
199
71
201
195
141
121
191
158
204
233
195
207
103
204
151
170
154
210
199
256
159
135
239
222
58
146
172
203
205
151
135
155
143
176
200
234
169
186
185
184
187
166
187
182
192
179
207
194
222
210
159
162
184
166
155
168
188
219
212
197
123
181
141
185
173
227
208
148
165
240
168
165
159
174
181
103
265
174
169
169
131
198
191
197
218
200
187
184
186
276
223
139
177
183
152
155
215
158
175
241
115
156
181
195
217
165
178
136
124
220
170
219
166
139
184
174
218
207
210
152
193
164
200
94
237
186
151
284
72
140
152
181
221
202
210
152
178
135
114
143
225
99
184
186
129
121
164
225
173
152
232
200
70
194
149
206
146
222
126
200
158
190
224
210
192
159
192
142
179
204
194
172
252
227
210
251
145
207
167
162
172
215
197
170
147
162
154
228
209
186
117
163
211
227
202
114
162
111
214
207
100
196
196
288
165
167
188
159
121
135
162
176
195
150
203
171
179
134
179
176
132
142
114
165
169
198
223
168
185
173
206
156
183
150
195
202
164
176
181
181
237
147
94
172
125
175
177
139
175
189
121
182
194
225
136
156
178
133
184
158
238
170
130
150
144
229
198
164
214
202
114
184
177
210
179
227
148
189
195
111
159
193
129
157
219
154
153
162
135
228
170
185
110
229
234
164
193
192
174
192
186
202
185
116
195
168
133
158
213
124
147
123
131
171
239
191
100
199
182
229
229
238
176
196
91
112
143
145
193
168
138
197
177
216
202
166
157
168
171
188
213
195
131
201
108
235
107
154
200
117
200
164
148
198
240
153
88
209
156
190
133
190
176
212
179
197
182
107
230
155
182
177
260
241
191
774
138
2
2
2
3
3
2
2
3
3
4
5
6
9
11
109
112
142
199
167
133
126
141
137
132
143
117
165
144
130
163
144
108
140
232
211
102
144
218
197
135
157
120
127
127
115
108
152
2
181
125
156
180
116
83
134
111
177
167
145
122
123
169
174
123
168
247
126
99
160
182
131
163
132
87
204
127
123
141
158
111
136
199
140
146
138
134
84
74
172
177
85
167
156
154
170
99
145
176
140
178
173
166
147
97
153
138
156
141
76
167
132
165
167
140
156
156
85
163
164
101
162
135
69
163
131
98
185
124
181
168
126
160
147
158
196
157
85
113
146
119
168
154
235
149
128
152
107
138
168
169
182
175
104
165
135
153
176
146
49
167
193
110
165
161
100
63
125
195
172
92
157
130
133
105
146
131
188
139
140
155
135
151
155
170
179
134
154
177
121
145
169
153
162
138
136
183
165
191
166
165
124
115
130
155
148
173
117
162
133
153
128
65
216
158
207
234
160
145
120
179
136
88
111
149
132
116
131
133
107
118
211
148
179
190
137
170
168
111
147
93
137
149
148
121
142
129
195
64
113
101
84
158
206
94
96
158
99
138
115
143
121
110
129
251
176
12
104
162
168
136
166
125
148
120
176
149
183
171
104
137
187
122
116
144
135
164
175
123
175
88
129
104
163
94
152
240
159
207
161
231
153
139
134
115
182
156
78
154
129
152
143
178
151
115
110
171
200
124
113
162
106
207
185
221
108
150
159
153
188
107
169
78
179
131
133
104
149
145
206
161
94
116
126
133
101
178
120
179
171
186
162
134
159
170
12
160
137
123
148
136
132
206
146
118
170
153
184
140
169
125
185
129
129
185
95
164
45
123
208
110
138
132
151
112
150
174
133
100
85
158
172
229
98
190
190
183
106
193
96
66
140
208
129
144
170
163
164
166
145
92
166
136
75
136
141
156
192
198
206
106
150
129
121
157
93
210
114
139
116
161
123
180
128
62
155
105
95
138
112
131
109
137
128
154
140
174
154
154
171
121
131
140
148
106
109
252
125
118
184
126
150
174
119
140
163
168
110
139
127
125
176
165
218
225
148
76
115
150
171
157
162
173
162
148
114
119
144
198
145
138
137
133
89
187
107
93
162
184
158
148
163
203
160
175
190
201
174
116
106
126
160
142
167
167
115
167
98
89
123
89
179
111
137
116
159
141
161
123
124
143
137
181
187
98
140
231
195
181
126
178
132
168
115
162
159
59
151
132
160
176
168
134
106
159
158
157
183
140
141
143
167
125
181
128
90
132
143
93
201
139
125
174
206
175
146
219
67
147
138
120
97
114
164
159
167
155
188
111
142
149
176
119
161
193
106
126
169
123
110
96
138
149
93
158
122
291
111
186
118
158
100
118
161
213
135
165
143
212
170
138
151
112
132
164
169
142
140
121
141
191
182
148
140
117
158
198
145
80
153
138
140
146
187
137
115
142
168
99
148
182
108
190
94
190
185
76
96
94
64
121
164
101
185
144
188
125
160
70
136
130
186
209
195
150
141
187
207
95
145
158
184
60
164
117
151
172
163
185
135
140
107
153
192
148
109
191
120
152
174
117
135
90
173
92
146
151
175
151
117
214
149
176
116
135
120
163
158
124
147
185
135
94
112
163
142
139
142
164
41
131
131
154
148
165
133
163
178
174
160
105
137
148
86
181
121
142
148
93
178
102
201
90
160
209
206
152
99
98
152
134
150
145
141
163
135
206
139
145
186
125
132
119
67
181
142
186
197
156
147
150
83
100
69
123
182
211
178
162
101
0
182
86
134
69
141
204
158
122
148
195
185
113
140
166
101
144
97
153
183
140
216
131
196
98
79
98
74
127
119
125
125
135
129
171
188
73
167
101
110
84
131
198
103
123
157
173
174
149
132
119
192
159
118
137
139
160
102
179
117
141
200
186
137
102
181
191
87
147
124
136
133
112
193
170
77
131
164
104
167
200
122
151
112
126
104
84
179
136
94
263
161
146
132
138
139
130
142
140
180
159
174
135
210
50
117
162
132
170
142
147
166
150
111
125
158
131
117
159
170
129
122
120
132
94
151
158
174
161
148
134
174
86
181
196
155
135
157
156
146
179
193
109
171
172
159
123
222
149
130
161
126
131
126
150
321
188
102
98
174
145
171
121
208
152
149
150
148
151
157
169
130
153
142
94
145
166
125
204
148
132
100
130
163
187
147
191
201
161
99
94
226
183
113
168
157
67
181
170
163
205
133
144
91
143
154
162
101
226
126
165
174
102
157
175
125
117
176
114
164
163
190
109
143
202
177
206
219
113
108
111
136
178
130
155
35
134
190
220
94
188
174
112
185
144
192
156
159
181
157
120
55
123
124
145
176
153
174
142
127
158
117
115
175
189
141
171
150
137
145
18
165
154
126
151
159
134
162
153
136
168
168
156
145
129
166
122
88
192
176
83
127
85
182
182
153
160
112
141
132
76
113
139
122
71
128
174
161
108
108
110
118
149
138
205
185
170
122
164
97
183
145
198
83
71
152
147
152
81
129
214
134
235
124
149
135
107
151
211
159
113
189
103
123
111
166
178
103
143
179
181
144
49
116
156
128
145
172
208
122
153
114
123
163
160
146
107
158
162
144
187
131
159
93
138
120
144
83
148
209
139
196
125
131
140
101
126
140
141
156
99
190
195
184
133
107
134
197
154
203
129
141
73
161
160
144
139
156
76
89
172
136
189
119
161
140
101
124
160
163
147
93
165
77
138
132
92
160
127
198
101
185
154
132
142
120
191
174
161
143
78
133
165
165
132
114
121
155
124
104
122
205
115
63
150
94
154
144
137
143
140
105
80
144
161
202
236
98
161
94
152
212
110
116
107
195
152
120
110
146
174
129
157
209
183
125
121
136
204
155
77
198
144
127
162
160
129
137
144
81
148
195
199
173
137
134
158
128
135
164
159
203
181
174
177
123
115
167
195
95
139
141
80
150
139
200
145
136
158
144
162
128
129
130
183
116
118
171
158
142
185
132
94
147
133
124
165
200
124
179
146
82
167
131
210
152
142
125
129
131
153
115
93
118
126
144
89
145
146
192
154
149
180
96
148
178
144
151
169
107
108
124
115
178
148
208
159
149
145
168
153
177
119
111
157
150
156
125
108
166
209
136
117
116
136
152
139
155
117
83
100
119
128
133
79
145
141
127
159
127
135
96
101
136
129
111
138
183
143
149
123
134
151
143
255
168
142
129
190
114
123
144
236
152
100
131
161
215
179
121
218
169
180
153
143
110
98
183
117
196
140
218
122
172
168
127
115
137
187
97
148
130
63
160
160
128
112
213
153
200
120
117
119
109
113
152
149
205
175
154
170
105
151
147
152
175
101
192
179
130
144
102
169
147
118
128
70
133
122
117
156
148
99
133
140
180
129
65
174
116
114
167
126
146
152
72
137
120
126
176
136
137
130
182
95
160
153
73
83
140
157
117
140
171
139
109
178
133
124
152
157
112
92
129
119
134
129
136
118
180
130
149
124
130
173
133
148
120
228
120
148
117
153
122
144
117
243
173
122
167
168
93
150
133
147
162
172
206
165
154
94
105
141
116
109
89
167
153
109
144
99
149
77
143
153
154
151
136
145
171
187
216
139
133
153
145
139
172
158
64
169
83
181
168
165
221
97
131
172
190
147
94
149
165
140
154
163
147
162
129
177
55
97
107
145
235
107
203
132
146
136
167
185
160
149
155
149
131
144
183
195
123
161
133
171
85
46
125
101
158
211
108
123
103
171
143
187
143
103
174
124
156
100
172
141
206
188
161
175
149
134
70
141
157
119
140
154
137
139
203
127
133
136
97
57
168
147
141
168
103
152
105
128
131
151
182
54
122
145
150
162
143
139
138
149
88
139
232
160
171
113
206
169
137
143
147
129
160
155
91
262
179
145
174
98
180
109
199
146
126
176
148
124
168
136
189
142
150
131
155
171
109
173
90
164
106
128
158
193
166
123
147
138
140
148
209
126
104
247
105
142
102
142
209
180
149
139
164
119
124
127
209
185
92
180
118
132
166
201
144
142
196
105
124
105
134
208
134
171
167
185
167
116
174
164
155
109
147
130
160
135
102
129
211
203
161
260
122
184
116
130
145
136
141
118
138
124
156
177
92
154
128
142
179
163
186
116
162
140
169
178
154
126
137
218
147
125
125
141
166
102
140
114
129
164
176
166
185
124
154
152
148
113
167
153
50
186
162
103
133
94
140
58
150
176
154
143
134
111
138
146
157
132
150
165
120
77
150
139
138
200
141
132
148
160
143
166
155
167
136
120
168
129
155
99
135
176
200
198
207
145
176
102
79
160
85
128
89
121
177
106
116
106
96
128
153
161
143
150
121
158
151
128
120
146
207
140
142
142
145
201
175
179
176
99
206
70
98
107
115
121
138
126
152
112
172
179
153
145
112
193
220
197
112
185
93
103
81
161
149
191
103
163
151
149
173
131
147
134
135
71
151
145
93
164
165
142
192
104
153
138
154
113
117
149
219
165
90
141
86
151
162
81
86
142
154
146
67
141
149
157
137
130
190
183
141
1944
121
2
2
2
2
2
3
2
2
2
2
3
3
3
3
4
5
5
7
18
90
127
125
235
197
96
167
155
147
163
160
149
188
116
164
172
153
186
162
235
266
111
153
248
216
169
167
129
136
156
174
138
173
173
183
134
169
124
125
92
161
120
209
189
160
131
132
206
197
160
200
298
169
108
169
221
186
197
163
96
231
136
132
150
188
141
145
208
149
165
183
143
166
186
181
199
167
200
165
197
176
211
154
198
149
211
195
170
177
106
162
154
165
175
188
182
118
189
179
126
165
160
163
172
210
113
148
162
141
199
140
107
223
161
190
234
135
169
179
167
205
172
94
122
155
138
212
178
254
208
149
115
150
159
184
178
215
186
159
174
208
169
185
155
58
204
202
141
189
192
145
170
134
193
218
134
166
139
157
153
155
140
229
191
185
167
146
171
177
186
188
176
144
211
196
154
178
196
206
151
150
214
196
200
240
189
145
160
164
164
162
193
146
191
162
174
144
74
237
218
216
243
202
196
143
188
217
97
166
158
141
154
140
173
131
129
220
157
188
199
146
179
177
120
156
124
168
232
180
130
172
138
192
73
122
110
155
169
235
138
105
180
108
204
170
160
189
119
149
276
185
161
113
171
208
146
200
156
157
228
185
66
192
101
153
146
226
144
143
153
172
193
212
167
152
97
209
159
172
103
123
245
189
216
202
240
130
148
150
149
183
146
87
163
116
161
157
194
184
124
151
220
209
179
176
200
152
193
225
240
164
193
131
162
156
193
192
169
188
175
142
113
158
196
215
176
103
125
192
189
128
187
164
197
212
188
171
111
147
187
126
169
235
154
157
202
125
252
106
150
197
162
193
191
178
134
194
170
165
211
183
173
54
139
239
135
169
167
187
145
163
184
165
141
129
147
110
238
130
219
199
159
115
175
105
151
149
217
152
153
179
205
173
187
198
136
191
145
84
145
150
194
212
182
216
178
204
182
180
179
102
216
123
163
149
170
132
189
137
175
195
114
133
147
169
154
118
194
137
183
181
183
110
188
106
130
140
149
160
115
118
262
141
144
222
135
190
183
164
171
193
190
119
170
151
165
185
198
227
234
157
164
162
141
180
178
159
207
171
165
123
167
127
212
154
167
160
142
98
173
148
150
185
193
167
157
212
212
166
184
200
214
194
160
165
185
176
151
176
181
78
181
107
159
152
196
181
120
163
125
198
152
170
144
133
161
158
198
196
107
178
240
211
214
156
187
36
177
206
171
188
68
206
174
85
216
155
148
115
204
168
150
176
170
150
152
96
154
190
137
180
141
146
145
208
179
148
183
215
184
157
228
133
195
147
129
106
148
196
171
206
127
197
159
151
184
154
128
192
203
115
135
200
132
119
169
169
199
102
183
131
300
120
121
177
167
192
127
161
222
201
174
167
221
202
147
160
133
141
201
178
143
149
130
180
200
178
177
149
192
173
207
154
171
177
151
196
155
196
158
157
162
111
108
158
191
167
216
149
231
194
154
105
125
170
172
206
190
169
153
197
185
190
160
159
155
226
186
226
195
150
230
240
167
185
167
193
200
206
126
161
170
188
194
199
149
116
193
228
200
118
229
129
179
110
125
167
180
207
123
160
172
184
180
126
227
158
164
125
144
129
172
191
163
156
216
144
153
167
135
139
138
168
173
50
140
140
187
157
207
185
148
187
129
153
114
146
157
128
168
155
180
160
152
201
145
210
199
181
218
209
165
145
107
161
163
209
164
150
137
119
217
184
168
195
182
208
167
158
205
173
196
206
165
161
159
153
159
78
132
203
239
155
171
146
181
191
95
143
160
162
215
178
167
182
218
194
157
149
175
110
153
129
162
197
174
204
140
179
107
169
153
155
136
140
163
187
158
138
180
267
82
176
110
119
140
170
207
112
171
175
207
216
224
176
164
172
180
146
151
163
172
111
189
125
151
209
179
160
161
190
206
159
156
151
200
115
121
170
179
200
190
198
159
209
172
131
160
154
173
148
115
188
132
103
283
178
155
142
118
148
236
143
149
209
156
202
158
205
59
126
213
143
178
151
93
187
159
120
102
190
170
153
184
138
144
131
153
175
135
168
191
197
209
203
143
192
95
190
100
164
177
176
165
187
225
130
167
180
208
142
152
251
158
196
194
136
176
135
159
330
198
135
142
200
178
180
148
250
161
181
159
177
160
166
173
139
162
159
103
184
218
134
235
182
141
186
126
172
196
188
208
234
170
177
153
242
214
164
131
166
155
214
121
172
281
166
184
100
170
138
193
110
235
136
188
206
111
166
184
161
176
187
123
131
166
199
140
152
211
209
260
155
122
172
153
145
197
172
190
44
148
199
232
164
222
192
121
194
149
201
165
168
190
159
129
64
211
154
157
188
193
183
151
137
167
151
148
189
213
127
168
206
146
155
138
179
163
175
196
137
174
171
186
174
179
159
177
141
201
225
133
97
201
185
174
167
127
212
191
162
204
190
186
156
140
168
152
131
147
137
183
169
160
117
217
133
183
132
214
228
161
131
150
178
192
159
207
176
80
169
156
162
163
165
223
164
244
156
158
164
131
162
220
169
122
186
112
133
145
188
220
41
152
202
211
153
169
168
164
202
154
189
227
131
162
133
157
198
169
155
160
167
144
153
196
140
212
174
159
204
190
92
178
215
150
206
102
150
149
125
135
149
100
165
134
237
189
194
142
141
143
231
163
216
122
203
82
167
177
153
148
165
116
229
238
176
198
160
137
156
160
170
195
172
181
102
176
86
155
169
162
167
55
218
158
178
186
153
167
165
200
201
170
138
122
142
189
174
177
123
176
187
179
113
174
216
140
161
159
149
161
108
146
152
150
114
169
159
178
211
245
133
138
201
207
223
119
125
118
226
140
151
163
102
146
73
76
218
234
134
168
192
213
169
86
206
153
136
183
187
138
180
198
171
176
211
208
251
167
143
168
137
144
178
204
181
180
207
200
136
125
175
204
141
182
172
89
183
170
214
166
182
167
153
171
163
173
139
220
145
175
170
174
179
204
166
103
165
142
168
210
212
195
198
190
91
176
140
219
161
181
134
138
140
182
170
137
159
169
158
122
154
155
245
134
170
216
121
167
222
188
193
195
150
117
135
139
209
166
217
205
74
146
217
131
160
140
120
208
189
160
134
163
175
183
145
151
125
147
161
168
210
154
92
198
91
137
176
88
173
171
205
154
143
144
150
147
145
150
120
158
199
183
95
158
171
160
129
241
201
151
195
199
185
154
176
208
178
149
140
170
224
100
130
218
161
189
167
152
119
151
192
187
207
149
250
139
181
203
194
144
94
173
106
206
139
183
183
171
176
176
229
162
238
160
171
128
118
128
189
158
214
188
190
163
150
171
133
178
206
110
201
188
123
177
157
90
168
160
183
202
211
151
126
176
190
108
177
149
203
138
74
186
125
97
144
156
155
161
138
151
153
134
190
181
146
160
191
152
187
168
82
92
149
166
145
149
180
148
118
213
142
101
192
168
218
134
137
166
136
144
210
127
191
211
182
133
164
171
145
157
129
132
129
166
207
162
135
188
126
252
182
131
176
205
183
185
175
156
171
168
233
183
186
103
149
200
171
138
155
209
211
163
176
153
183
160
153
132
156
191
112
184
187
196
205
176
142
162
156
198
171
176
73
156
92
190
191
174
230
152
140
181
187
179
175
163
174
149
165
134
156
171
176
211
170
150
132
154
209
116
189
154
178
160
147
149
172
162
199
185
114
171
192
221
132
194
142
180
140
166
135
141
167
219
167
138
215
180
136
208
172
215
197
156
133
183
181
173
123
197
206
180
183
143
161
148
176
27
169
163
146
148
209
150
178
153
138
164
177
157
150
186
200
161
147
187
164
180
191
199
131
135
163
171
152
148
180
204
194
181
241
129
182
122
183
202
140
172
174
138
194
164
143
218
195
173
183
107
189
122
213
161
143
220
149
133
177
194
149
191
160
140
179
180
118
186
119
168
115
160
141
216
182
156
156
183
203
172
218
135
123
271
117
152
141
151
224
238
214
143
205
128
133
136
251
177
123
192
172
174
175
210
176
171
228
157
148
209
175
241
113
180
191
194
188
139
213
83
164
163
168
145
155
144
133
163
220
212
188
269
131
205
192
110
168
180
45
147
146
138
179
186
133
163
181
151
188
213
195
139
171
157
228
189
163
135
181
227
156
171
145
181
186
111
149
123
138
173
210
175
177
141
200
161
157
144
176
168
184
201
171
112
160
175
195
67
216
216
226
152
176
120
167
178
195
175
159
174
129
86
183
148
147
209
150
171
157
202
152
175
164
168
159
179
192
138
166
165
199
196
264
208
216
200
192
133
88
207
94
199
144
172
186
115
149
151
105
159
200
152
172
113
152
242
166
187
129
208
225
173
156
151
191
203
189
166
185
108
192
79
101
127
124
130
152
139
129
130
203
216
162
150
121
0
229
238
121
197
127
112
128
174
66
204
173
198
178
180
204
166
176
179
118
162
177
202
159
173
174
151
185
146
162
115
163
179
155
170
216
197
154
137
95
168
193
187
95
151
163
183
179
142
158
206
178
180
199
213
160
